⁴³¹1 ’ 33333333. 333

113333 impositu 3333,383333333.331113333333331333133333333333133313333·
1333333 333333, 331 333333 13333, 3333 3333133 3331133333. 83. Utrum 33333 m
31333, 33133313 Hermogenem 33333313 313131 33333 nim 1333 333 3331333333, 3313
3333 31333 Hermogenem 33333333 333 313. (1333. Quo 3331333 13 3131 83.
11333313 33 33, 3333 333 33333 313333 33133, 333333 3333 3333333, 33 31333 13333 333
ntur? permulti 333333 13, 3313133 0331313, 33 3333 prodient 33 33333333 3333·
3333333. 0333. Quo 33333, 3833333333, dum 31313 33133333 31313, 3333 333 333
31333131 oo 333 1333 333 13133 31333333 333 3333 3133331 83. Ρ33313333 1313
33333, 333133, 33333 33331313 3333 33 33333 331333. 33333333 1331131333, 33333 13331
13133 333 poue 3113313 obi 3133333133 333333 pone? 0333. Neque 1331. 83. Ao
331333 33333 313333 33333 appellare 3313333333 1 quenadmodum 31 3313 tihi 3133133
hominnm jor· 33333 33 prehendam, 31333 83133, 1133333 3333333313, 8313313313
1111,1131333333333 1113 1333333133 1333 331 1331 dicoretur, 331 31133333 331 duom
. 3333113333333133 333 33 3313333, 3331 13333 Hermogenem? nonnullum? 0333.
Videtur 331131, 3 83333333, 1333333133 1333 1313 3331133333. 83. 833 1331333. 113331
[333] 3333 33311331, 331 133 3133331. 33 131331 33333313 3333, 3333113 131ιί
3333 1333 333333 sufficiet. 0313. 833333 13333 333 313333, 33133333 1333133
3333333313, 333 313313 3333 331333. 83331313333133, 0333313, 333333 333333
modo 33333313333. 33333 31133 333333, 31133 cuju· 333333 333, 3333 3113131 ⁸
0333. Equidem So. 83 nonen 331 133133131333133313 33333333 33331 0333.
11331333 33331333. 83. Et 31333333 3113 quodum 33313 333333 3333333333 113133·
31333ιὲ 0333. 03333. 83. 333 3333, 13333 33333131 31333, 33333313 1333111333
tu 33133313331333 33313 loqueris. Ρ3333333ι3 hu 133113313333 33333333 ,33 pictum 33
3333133, 331333 1313 3333313 1313313333 3333, 3313133333, 333331 Cur. Ρ3333333383.
3333333 133331 13 primis. 3333313333313 3113313 3131 imino· 3133 33 33311331 33113313
33113333, 3313 31113 eodem 333331 0333. 813 33333. 83. Nom 33 333333, 3131 imagi·
3333 mulieri 33 33113311 31331 0333. 83133. 83. 33 3333333313331133113333133133·
modireomoot? 331333333133333333313333333313331133113333 3333133131 0333.
moi 3313333 3133333. 83. 133133333333333,3333313331 31313113 33311333333333,
33333333333133. Tolum 33331333133313333313 1313333133333313333, 3331 33331313
133 33333 31313313, 3333333333 33 13 3333131333 333 3333333 3333, 333 333333.
31333313 vero 3133331113 133133 3333333333 111333333333 333 3333333, 3313 3333131-
131 poem 1313333. 0333. At 3133, 3 83333333. 33 13333 13 31333313 33333333 13
3333133333 ponit, 33 3313 331331333331331 13 3333131133 333333 33131333, nod 333333
3331333 313 33333 semper 33311333. 83. Quid 3131 333 313 1113 hoo 31113331 33333
11331 333333, 33 33131333 31333313 obvio· 31333, 1133 333 113333 3333 333333333331111
13313 3131111133 figurandum 331333 3131133131 333333331333333,333311333 33313333
offan. 03333. eene. 83. 1133331333333, 31313331333333133333· [m] 31333,

11333313333133331133133313331333 311333 333333 333, 3333333333333383333. ’

Dico 331333 133 3 33333 11331313 1111 313333, Nomou 1333 tuum 3331 331333 13 3333 33
idem infundere, 13333 ejoo imitationem 3133333 qood 313 333, 13313 3333 13131333
eujusdam 13333313133133333,3133333, quod 3311331 333 3133333 31131 hoe 311·
333333 11331 pone? 0333. concedere 11131 3313,3 Socrate. 3133313. 83. 113333
13313, 333133. 333113133331331333,333133333313]“333 tolletur. Porto 3113 113 hujus·
3331333333 33331313 3331333333 vere 13331, 31333333 1333133133 33331333. 81 1333
3331313, 33 possumus 333 33333 nomino distribuere, 31 3333 333 3333313 3333 331333
33333333 31331Ιί33313 verbi· obemoe licebit. 813 antem 333333 3331133333 133 conge·
3333 333333, necesse 33133 oratione· similiter. 333113 quippo, 31 arbitror, 331333113-
mo 33 3333133333 compositio. 11313 33 1333, come? 0333. Quodn 13. probo
333333 13331 3133313. So. Quin 331333, 31 primo 33331333 33 1113333 13333 3333333

 

