000 000000000000000 [5³⁶

mmffifflmnnhgbetffl: wdlvhnqudnm
00000001000010000101000010001000000101000100. 8010000000000000001000-
um· 0001010 1000001οώ11 10. Vanum. 80. bubum 0000.
0000000001 10. 000000. so. Διάωο0000100010001100,010000010100000000,0
10000000010,000001010100000000, 00101 0000110000. cumanum
0000101000000010010000000100000100100. 0000001011Βο nmmum
1100000 100011001000 000100, 01 000010 001000 00 001000001000, 01000 00011100 0010
0000001100οηωο 000000111000100001000101100100010010010000 0000000100·
0001000100ωο 00001000100000000οι01000.001100000000,0011’000000 000-
10000 0000100000011000 0000000. 00000010 010000100101000000000,0000
00100000010000100001010000001110 00 eodm, 0100 10 110000, 0100 0000010000
01010000,ηοοω0000000100000001000000001101 10. 1100001οω000οωομ
m, ο 80000100. 011011011 100000 10 0000110100001101 0000000100. 0000000010 00100·
ηο110001000000100.1κο1010ομ0000101ωο0000000001010010110001ηοοω0
0000010 0000100100ωο 00000 0000010001οω 0000111. So. 11000010 000110 000·
001000 0000100010000000000001000, 001 1000000011001 00100000010000010000
00010 00000000 0000010 0000100010001,001001011 000000 00000111 001 1000010010οῥ
00000 10100 000100 0010 001001, 000001110100 0011000010000000100000001110100,00·
000 01100 0000 0000100000100001001100501011 10. Non 0001000000, 0000001000
0000 101001 00110000. So. vidistine 0000001100 00011110010000 1000000 010 001000 0000
001110 0000000011 10. vicu equidm 0100100000. 01000 0001010 0000000 0000000 00

1μοοη001000000000,0ομ0100010000000,0000000000 mmmm. 0000010000, ³

011 0000101000 00100 0000100110 0010010000. 0000 0001110 10000000 00001100, 1000 00.
0001000 0000101000 00001000 000 0010000100ιο 11100 00000000, 1000 00000100 :nitu
00100. 00.1’100000,000010100000 0000 00010000 0010000000,11100000,1000000.0000
00000000101001000101001000000001000000100000001 000100001000010000110100
0100010100 0010000010000011000 000100 [000100000000 000 000000 10100 00001·
0000 00100000 0000000000 0011, 100011, 0000 10010000 0100 000000011 01 10030001οα
000 0010100 1110 100100 000100 10000 00000001, 000 0 101000 00000000 0001000100 00
00110 00000 0011001, 01 000000100οι, 01000 0100100111 00000000 001000 0 00000
000110000000001000 ex 0010110 001000 1010 00 010, 1110 00 0110 00000 0000000110.
1100000000100010000000000000 0000 0010000 0110 000010000010 0000100100.

Ab 010 011000 0010010 000110. 001 00010 0001, 010100000001001100 00010100100, 0001· 0

0000000010 00000110 00 000000. 01110000 01100 000 0000100 1100000οω0000οω
01000 10000100, 0000000, 0100, 0000 00, 001 00 01000000 100000 0001001οι 00. 0100
0010 0001010 01100100 00010 000000011, obdormiscit. 01000 tibi 01000011 00001 10001100 z
010010 0000 hujus 00010 0000010000110001001000,0000001000 admonium 00111, 01
01000010001100000011. Non 00000 0010, 00000 00100100, 0011 000100 00001000 00111.
01 0000100 0000000000, 00 0000 00 10000000 0100,οω0000. 010000001ωο0οο

00000100 111000 00010001 0001000000 00010 00011001, qun 111000 001 0010000 000100· ’

· 100. 00 0010000 0000001000 0000011000 000010 01 figuris 00000001, 011000000οοοΠ-
num: 11001 10, 0100, 010010 Homeri 00001100οι 1000011, 00 10οἰ00000 10000000.
10 01110 0000 1001 00010 00001. Ejus 010000 0000 00000000, 0000000000 01000 100-
0000000 00010000 00, 11000 01100 000010, 000 00100000, 00000000 000 0010, 000 010100

00010000010000000100000110000100. Io. 11001οο1010.οω100. 000000000010000, ¹

011000 00010 0100000000, 0110101 0000000 00ιο0000000, 1000010010οι 01000 10000100.

Homerum 10001000 0010100000. 00000 00100 100000, 01 00011000, 1001 0100000, 01 000 00
nomem 00100 1001001000 0001000. So. 01001 000000 00100 00000 100000 00100
111110 011111 000000000οἰ0, 10100 1110 00 001000 11000000 ugit. 00 quibu· potissimum

 

