ION.

00000000, 000.

[ul] 100000 0100010100. 11000 00 000 0000001001 0000010 8000000001ιί
10. 110110 00000. 0 80000000. 000 80100000 010 80010000. 80. 11000010 010000000-
0000. 10 000, 000000, 001 0000100 00010000. 00000000 8001000011 1100 1000000000οἒ
10. Non 10 hl· 001000, 000 10 0110000000 000000 0000100. 80. (10000000 ergo 00.
lineum. Io. 00000100ιο 00000 0000000001 Ρο1010,080000000, 00000110 000101
00000. 80. Probe 100010. 0000010 misdi· celebratione 0101001000 consequamur.
10.’810001000001000,010000 00100010. 80. 11000100, 0100, 000000 00000000 0000000
01001001 1001 = 0000 000101 1001000000 000 0000 0001 000000 conveula, 00 0000010 000.
000, 00 00000 0010000001 0000000000 000000 00000000 10 plurimi· 00000 100010
00001000 0000100010 Homero 0011000000 0000100 000000 010101001οη00, venri,
00000 umbonum 001000, 000000 001000 00000 pedm 11000000 enlm 0110010
10 0100000000 00000000, 0101 00 000 0 00000 01000 0000 intellexerit. 0000 poll·
000000100ορ0οο0010000000000 0000 000100000 00000000 8001000000 000010, 00 1000
1110 0810100, 001 poll· 0000000100 1000000000. Qum 1000 000010 0100100 10010000
01000000. 10. Vm 01010. 0 80000000. 0000110 hoo plurimun 10100001. 00001000-
0000000 000 0000010 001100000000011000000000000000,0000000Μο0000000
mmm, 00000 8800100000 Mu, 00000 (1100000, 00000 0110010 0000000
0000000. 0000001000 praemoneri 00000, 00000000000000000000. 80110000,
0100. 0000000 000000, 0000 00110 1001010 prohibebit, 0010 1000 nihl 0000100. 10.
000100 «linum 000, 0000 0000000000110000000 uomodo extulerim. 000 00 00
0100000 0000 000 000000, 010 illis, 001 Homeri 00001001 0000, 000000 00000 00000001.
80. 001000 00010000 00 00010001 0000οο000 000010000. [011] 0000 001001 ul hoe
00000 nihl responde, 00000 01000Ηο0000ιο 001000, 00 001000 01000 1100100000 00
Archilochum 10 000010. Io. (11000 Homerum 001000. 00010 0010 nili 0000 0100000.
80. 800000 011000, 00 0011000 Homerus 00 Hesiodus 000000 0010000οἒ lo. 100100
0000 arbium. 80. Ullum 001100 αο00010101100000, 00 000 11010000,οιμὶ-
000001 10. Eque 00 00010000, 0 80000000, 10 11110 reboo, 10 quibu· 00000 00100000.
80.· Quid 000000 10 010, 00 001000 000 000000 0100001 00 pult 00 0001010010 Hom·
000 00000 1100100οι 000100 1001000. 10. Et mulne 0010000. 80. El 10 000 poll·
1001 0000000000, 000 dmm. 000000 00 00010010 loquuntur, 0000011000 0001100
00000 palm 00000 011οώ explic-ml 10. Vm 001100. 80. 81000000 00000
m, 000 1110 0000000 ln 0010000000001000, temo 001000 10 001000010000100000·
ponere 0000001 lo. Ρο000. 80. Quid pom? 0000 01000 1100000000 0010000000 10-
eanquue 00, 01000 mo 1100100000 01100000 polla 00101001 An 11000000 00
01110 00000 00100000 00 110, 000 00 0111 polle 0000000οἒ Nonne 000100 000 00
bellun 00000000. 00 000 00 consuetudine· 0000100 ,1001000 00 0010000, primo·

 

