111] ‘ 1111110011. 11

011. 111111. 80. N 011 0111111 01100001 01010001 10001110 00010 10011011, qun meu
0001111011010, 10100010 1010 0101101101 01100, 01 0011 0001101 0010101111 011.
1100001000 0011111111. 80. (1000101110 1000010100οι 00100110, consideroque, 111011
001101 1111011111 0110011 001111,00110101110,0010101000100101 0110101011 01111111.-
100110011010101101, que 1001111111 10001111. 001. 1000101110 01 1100 abiimu-
Su· Au 10110 cupidinem 01100010 0110 000100, qum 1010010100 1100101 nuliam. 101
1000110100011011000101111101010001111 0001011111 011. 1100000000. 80. 110-
000 10100101000111111101, 0110 bouum 11011010 0100101. 10 100110 1010 01 eciem
1010011101 0100111. 001. Minime. 80. Amanum 0010 011001 01100010 111001 0110
00100110010110· 11011101 11110101, 111110 eui 1011111, ostentumque 01001001 111 110011
001. Nou 00010110. 80. Timorem 01100001 eimau-u 11100010, 001 10Ιο1010
[101] 01 1001111 01101 010010οο1. 1000110101001001100101010 nihil 0111100011
001. 110000100101101. 80. Opinionem 01110100 101001, 111 0010100001 01101101
01 1111101101 opinio 111, nihil 101001 eurum, 000 0011110001 0110 1010100001, 00100101
ipen? Cui. Nullo 01000. 80. 1010010000 1110011010 00011000 ejusmodi 0111·
1001, qun dogmati· 00111111 11100110 011, 101 101111 0111010 0101101010 00101111οη11
00100110. 011. uiximu- 00110. 80. Au 000 01110111 01100011, 11 em? 11000110
00110 0110 menendum, 100 uuum 11100011001000001. 00181110 10011111. 811
11101010. Fatue 10100110 bne uiiuujuu 1010011ιί iubetque 110 00000010 1101011001,
000 01100101 eii? 001. 1101101. 80. Item 0010100011111101 0101 vin 11011010. 000
0110110 mejuu 1111 001. Habet 0110110111. 80. Nouae 1010011 011000 10010011 me·
10101111 Cui. Necessarium 001. 80. 81 010101 00100100 1001110001, 0000 010-
1111001 011100110 1010 100101 0111110101. neque 101000 mejm 01001011001 mmm, 001·
001 001010 10111 1111011, 01011100 eibi 1100 0011010101. 01 0011 uim 011 00 1010, 110
111 01010111 ceu. 1100011ιο010 011, 0 80111101. 80. Quin euim 11 00010111 011
0110110 00 111100010, 0100 10 1011110, 10110 00 10 1011110 dimidium 0111 00010111, 01
00 011001101οἰ0 0001010. nempe quidquid 0001010 011, 0011 01101101 011, 0110 iid-
011. 0001010. 1111101111 011. 80. Ρ111101000100 10 1010 0111011, 00110001
00001011 010000 grauius. 11010 1011101 000010 100101, 011010 junius 1 01 10 001110
0111011100 eodem 10000, quidquid 101 101101 0010011011 00 10101010 1111101. 0000001
flium 1000111000011001. 00 quim 011 ejm 00100001 1111000100 10100110οΗ.
uiuum 0011110011111111 dicimus eme, 00010 10010. 00011001 001. urucam.
80. 011 nou, 11 10 101010 100101. 100001 00 1101001111 1001011 Neque 011110 111101
001001000110. 0111. Neam-rio nequitum 80. vum quoque, 0111 0011101, 1110
101001 uidebit. 11001110 0111, eum 01100010 coloten 1011010. uum 011000 001010 11101
’ 011001001111001011. 01111111111010. 80. Videt. 0011110.10.00000111111001,
0011101 1000101010 0110, 0111110 incredibili.. 000 1110 1011011111ου1ιά 001010.
0000011110 1000011000 01 0111111000. 00 001010 hujus generis, 11111 uuum 1101100100
111010, 0001101 impunibile. noemi 011. 810 0110110110. 80. Quod 1010 11100
01 0001101 1010101 0010101001. 100101 10 1001001, 0110 00101101 0010100101, 01 001010
edu.. 0010110010 11011 01001101, [lou] 0011001110 10110 010001100οι 1100111. Metuo
0100110 1110 0001111, 0 010100, 001 10111 0010111110 10 0111100001, 1110111 011111 0111-
uiui 1101 uuum 00 10 101001 hebere 101001. 0111101 aientium, 100 10 011001 00
quent 0110, 0110 0001100011 01 11 0110110 1101, que 10 10 1010 1101 1111100111, 011001
011010 111 01101010 1101 10100111 111. quen temperantium 0001001101. equidem 1001·
0010000010οο11οωοὴ 1000101011 0011000. omuc- nequeuntem 010·
1001, 0110111 11011 001111, 01 1010111110 10100111 111. 0000 0111 00101. 000 01101 1010011
0110111101. 0111 hujumodi 1011001ιο110, quum 1010101100, 1111011 010111 0111000110
110111 1000000110 1011 011111001. 101011 010111. Τ1000101110001110 110101οι1

 

