111] 11111. ¹ 11

100011101οω1ωο0000000001 1101101000οι1 0110100,001010100000100,
0001000οόὴοοωω1,00000001001.11110010101 81011111000000. 80. xu-
110001000,000001000010,000100001010100010001000,000010100100
01000101000111010001,1101110101100101010,01010110010οω
00000001000010101001001100110110,0011011 ommim-moilatio

antonionum. 11000010. 80.110010010001101100’01111,01000100010 ’

nominos. 110. Ρ1010010. 801100 idm 01111000100010000001,
*monimum 01100010 1010001. Mo. 1100011000. 80. soon
iuququodnoe'boooo 001 moe 10οΙ010, ooli 1000 unkun 11001 pom. [111]
ΙΙ. 1100000110 00001 0110101. 80. quuid 10010 0 00110, 0 01101, 11 nodo
noodgoomhiergonounooepuooooidmmodidmmmhdigooooo
0001110 0101000 ullo: 0010100101 0010010101001000000000000110000οιύ-
1010001011ωο010011000.·110.110010. So. ooo 00001000, 01 0010, 010 100110
10001010. 110. 0011011 So. Boou 0011010 0010011 100110ὴο 0000 001110
100010 01011001 01 01110. 11101001. 80. corpu-a 00 011011 0010110, ooo
100010 01000 10010111. 110. Verum. 80. 0001101 001001000μο 00 010010000-
1000 01 010010 1011101010.10.1000101.80.80001100,0001000100010001,
00000 1001001,100101010010 0000100 0011 pou-tium 1001. 110. 1110100. Eo.
11010101 001010 11 1001, 0010001010 11101 01 0011 0100001010 01011110 efficium 00000 .
001000100010011110111000101110001 0000111, 01110000 anim 001. Inpud—
mennon-mumolum, 010101111οοοω10010111. 110. 1100011110 010-
00110110. 8ο. Διὶ-1101000000, 00011100. 0001111110 001000 00010 1011
1011,00010110011111110010011 00000110 01101100. potho· 00110011001101001000
01101000 0110111 110001000ιο, 01100001 00010111 nodo 10100110 00100010. 110. 1100-
001. So. 11011110 10110 000000 1010 0010010111 011, 00010 100000 0100 001011 Mo.
110011 1111011100. So. sio 10010 1010111000. 01 0010 00000 1000, 000 1000 00011, 00-
rom 100000111, oto-om 01110 110011 00 001100 0110001011 Mo. 1110100101. 80.
10000100101011010 11110 010111. 110. 110111. 10. Nihilo 010010 1010011 0110 01-
1100 0000110101010011 0001010 00000 0001110 0100100000111010. 110. Vno
10000010. 80. 8010001110 1011001010 000000101, 10110, 0 0111100, 10100 ont, 00010
11 qood 0100011, 0001 0010110 00000110 0000. 110. Quidni? 10. 1100 111111 001,
0001 quim, 11000011 00100 eoi 1010 010011 01001, 0001001111 1010 01 nm
0οώ1100001010100110 1001001001, 1010 11010 01110 10101100. uz. 1100111010
001100. So, Edon 0011000 0001 neo 100010 011, 1100 01010111. 0001110οκ pm.
ooo· 0010 0001010 001 1001001, nonnunqum 0101010. 110. 01011100. 80. Qun.
10 0001100 alon 011 01010010 10010, 0001011110 100 100010 00001000 mgna pm.
0001100000, 000 001001 1011111, 01 0000111010 1001 01 0010111010 rejicit. 00000
nio 01101110 00010010 001, 001 1001001. [111] 1010100 voro, 11101010 1000, 01 bo·
0010 0010000000 001001. 110110000110. So. 01 11000 0110110 00110010 0001-
condicendo- 1001 11100101 0111000011ιή, 0100 on, ’0100 1001000 1111 111111 000 000
011010, 001 0100 00110011 01 100010011ιο01, 0111000011 0101 0110011. 0011001 001000
11101110 0101001000 ignom 0111000οὴ11. 11001001 1011011111, 001100 11101010 id,
1000000110 00111001 01011, 000 101000 11100 0001100100110001000 1001, 10110011
00001 ignom&- 0000000011 ob 00001 00101οἀ00101ωο 01110001001110, 111001,
noi-obn 0111011, modun 1001 001 10011. 10011 00110 0000000010 philosophantur,
000 bui 011001. 11001 000 0001001100 00010010. 00000 1110111 01111110, 0000000110
0010010 00011011. 000011001011 m. 0010. 110001100100 10110. 80. 01011100,
o 10110 010110 Momm, quio 0111101101 111, 0100101 noo, 1010011000. 1100101 10111
tim 0011000, qoam 01101 001011 10000 cond-onus: 0001 000 bonum 011, 000

 

