111 11110010 [100

11001 0010010 00111011 emer 1000010000 000110101, ere 1000111111 11101, 001 101
000100101 001 0000 1011 10111. 110000 011101 101110 0011110100 00 00000 0001101,
qma m mom 0111110010 101010001011 quibu 10000111 10010110 10 1101110110-
11001 1111 convenientem 01 1000 0010011010 0000101101. Qui 1010 001010 1000010-
1010000 1001000111 111010, 0000 000100 01000000 1100101 ibi 1011101, 011 01001000
00110011. 100110 1010 0001 011011110οω 1011011110 10001 1000000 11110 00000 1010
neque 101110 001, 001100 001 01001101 11, 001 0010110 100000111, ethrinam 00010·
0001001111 10111 1 0000010 110011010 011. Sur. Queneer 10110110 hee eir, ο Sem?
00010010 00 10110100 0110 100110 rudivi: 000 101000 1100, 0001 1000000 1010 0000-
pirre 10 eb. 11100101 igitur 00 10 00011010. Se. Atqui, 0 81011010, 00000000 nei
1100111 0111110001, 000 ee 1101, uerrere: 000, 0000 1010 0101, prebere, 0111
(110001 1000101010 01111 11001111 excedere. Prereree ego 101100 1100 uberen-
0010011010 undeciremem 1110011 1110 1000, 0 8100110, 10001011 11010 meni
0000000011 00000101. 10110011 100100 01110 101101 0111000 1000 0010010001 erre 1001,
01111 prohibet 01000. 010. 0011010 0111. So. Pereueeure 001000 10111 00100100,
0001100010 00100010100000,0111110100010000 101 0110101010 [101] 0110
00000011010 00010001, 00 100, 0100110000 00110011 000 ed 0001 medemur·-
id 0000, 0000 01 001010 0001000 01111011 0011110011 001 000100 01 ene 0001000
0001111111. ne· 00101 0001111110 1011101110 01100101 00010 petie, 000 0001 1100
0111110 00101110 perterre 01100011 1001100111 000000 0110111101 10 101001, 01 100100-
11000 permeet 111000. Primo 101101 0111 eree 110 001 00000001. em. Re 10010
quiden. 00. 11010100 ingentem 0100 10110100 0110101 0000000110ϋο 00
(101001οι0 1101001001 10111010 10 00110 0000010 0101 00100010, 000 1010100 01000
1000101100 0010000 01000 nere: 0010 1010 01 0110010 0110111100 00111010 10010
1001100 1111010100. 0010 01110 00000 0011011001 mle· 101100000 mim
000100101οω 0100100,1000010000,001010 00100000100001. rm 1010
10000 101100 10 0010100110 0010, 10 000 000101110, quem pleriqueerrare, 001 100
11001001, 01110100 00010001. 1110ιί000 00110010 0000· 10000000 1100 m· H·
perque 11 110100 terre 00000010. Νο0 110000 10 110 mendenen 1011110100 01100
10111,1110 10110 0000111010 010 000 10111010 010001100. 0001000 ee 01 00010 medie
profrudopdegirebieu 00101 n errrore 1011101001 aquarum
11111 pfl 11010 0100101000, 0101010000 0000 001010 0110110011 quippe 0010 prepter
1010110100 10100111110100000 0011011001 00 0001011110 010110 01001011, 0001001011
00010 01101011, 01000000 00001111, 001010 110 ieeur 01010000 1110 011101 001011111-
000011100100000000010110,001101010101100111,010000111. 1100101101 1000
01 00110 00110010, 001 10 0000001 01110 1011001 0000011110 1011100100 011001 10001010
1000110100 0111110001, 01000 011001 0001001000 coiere, 1110010 0111 00110010,
00001 001001, 00110100 100100 1011001101. 1000000110 00010010 proptera, 0000
0100101101001111101011 1010110100000 10 1001011001 euque 111010 110110οω11010 00-
quemue. Quod 11 0011 00 0111001110 01000101, 101 0110110100001010101,11100 pred·
0001001 1000 jere 010100010111100 000000000010 011000 0010101101εο0 10011 000110
1100 00101001. Ae 01 1101010 00 inspiciendum 00100101, 0100110100 prom»
001010 11100 0010 101110 roremque 1000111, rerem 000000 [110] 101100. 01011000

000 0 00110100011111111111, hique 1001000 10100000 1110 11010 0000110111 01000 001· ·

100100 0100, 0001 10 1001110111, 1 0010001110. neque 0010110110 neri 0010οι001 01·
1011100110οο dignum 0100001110 dixerim, 01111 011111 00 0010011010 100 00101110»
01000, 111001 100100111111 etque eordee. ubieunque 111 01 10110. 0011001000 10 iu
100110001011110011100 00110 1110001011 0001010000. 111100 1010100100101110100

· 1000 00011001 111110 0001000001011101000010. Ρ101011011101101000000000011010

 

