111 01110011 [ror

00110 pulchrum 0000 011,101011011011 0010 10101010. 101. 1101001111. 10.
110000 0000000411,οω 0001 000 101010010ιο1 101. 110000000100100Ι
80. rego 00101011οἀ100 11111001 01001, 0001000 000 1101001. 101. 1100000100.
So. 0011 reru? 0010 00101100 10011, 0001 0011101101 1011000 001 000000
1101011 101. 1100000000. 80. 11000111οΙ101101,11100 111 10 hbe-um
pulchrum 00101101 101. 111111 0010110000 00000 1101101011001100 0111001. 80.
1101010011 101 00000010 00100001 01101100, 110000111010 1000 001ὼο 000 11-
10111001 101. 1111110010. 80. 81101101100100101111 00001, 1000 0010 001010
1001, 1100110οο1000 00101. 101. 1100000010 1111, 0 80010100, 00110 10010 pru.
0010 1011110, 0110 011. 80. vernari 001100 00000010, 0 1110010 1001100, 01101ιί
00000, 8000011 1010 1001111100. 1010111 1001100001 jun 11011100, 0011000, 0
0001110, 1010100 1011000001 10 110010, 0000 0110 000001 0 1011011100 01111010 1110-
1100, 0000110100 00100 0011111 0101, 01 0110 100110 0001001101 101011100101, 01 1110·
0100110101110, 100111 10000010 0001 0001001 00100111, 001111 11101100οι 101111. 110
010 10 0111010110 100011010 101110111. 000 101101 1110 11011, 0000101 00110 er 0101010,
10000100 00 0010 10101 100 01 1001100110 0100000001, exprimere. 0001101 0001
011100, 0 1001100,010110 0100101111, 0011 01 00010 011 1100, 01001010, 101010
00010 111101 0001001000. 11101101, 0110111 1110101, 001101 011100 0011 0000 0010110,
000 101000 1110 100 0000110000 00110011111. 100100 00101 001010 0011111, 000 1011
1001100, 0101110100, 11000000 0110 110010 1001001 01 01 0010100 101οἰ0010. 010-
1001000 1011001101 00 0010ος011, 001101 1000 1010, 0001 00000001010100011001,
0111001010,οηιο 111001. 0100011000 1000, 0011 010,0 000-010000..

10001100 igitur 10 100101 001 110001 1110. 1110 01011010, 00010. 00 μω 000000- ζ

11001 000, 01, 00100011 00101100 000 0111101001 [011180. narr-e. 11111.
1110001 000 1001000100000111 1 00 11011 0110111111, 0110 0001100 1001011110 01 ig·
00100110 10011001 80. 0011 101011 1110. 110010 0010011, 100 011 0011 010000
0010011000μο101001001101 100 1100100000011010011001110010 1100011000
00100110 1100001010 00000 1000000110 1111101. 0001 00101 1011 000001 err, ignorari·
000 1000100. hujusmodi 0011100 011001010 000111, 10101 0101001100 01 1000100110
0011010. 80. 11010 001101. 1110. Ne cogn 101101, 0001 001011100 000 001, 0100
10000; 000110 000 101100, 0100 0111001. Eadem 1111000 0000011 1010110 00000
0010111010 00000 10000 0110 00000111, 000 101000 001010 10101 101000 0000101101
0010101011010, 101101011110 0011010. 80. 11000010 100 010000 0000101001,οψ
000 0110 110001 Amorem. 1110. 1000001000 11010 01110011 00 101εο1011 80. 11000-
1011000010. 1110. 000000 00010,111110010,1000000 0110 1100011 murmuravi
000 1100111 0011010 0000 1010011 80.0011110111111 1110. 111100 001100 10 00,
000 111010. 80. 000010 00010 1101110 00100 10101111 1110. 1001Ιο 1111 rru-
11111. 11010011οο00 11001 0111001 00101101 10 100101 00101011 01000101 0011001
Deorum 00000110 000 00101100 10010000 1100101 80. 1100 001 100001. 1110.
11001010010011000011101 10001, 001 1000 0010110000 00011011 So. 11100100-

10001. 1110. 1100111001010 10 1000000100 0101111111 0100101 0010110100 110011-
1010001 10001001 100 1010, quorum 10110111 011, 00001010. 80. 110101 010οῌ.
1110. 0000010 igitur 010010 11001 001, 001 0010110000 1000100000 0110001111
80. 110110 00010, 0111110101.χ 1110. Viderat, 0001 011010 rum 1100111 eru
000 0111011 So. 0011 orgo? 0001 00110111 011 10011 1110. 11101010. 80.
0011 1011001 1110. 8000110100 101101, 00110111 innocuum 1001100. 80. 01111.
1000010, 011, 0 Ι110110111 1110. 1100001, 0 80010101, 100100. 01011101 001011 001010
1011100001 10101 00110101 neom 001 00110. 80. 00000 0101 11011011 1110. 10100·
00110110 er rnJrerr 1100011 nd 1110011110 11101-1001111110ςῶ01 prun

 

