110 1111101110 ’ [s

00 1111100 0101001, 00001111 0001001010 1011010110 neo, 0101001110, 01010 1100 'ni-
101000, 01011010 11101101. 00001010100101 01011000 000 00110111 01101, 1011 0100100
00000110. 000001 Eu, Sic 001. 80. 1100010110 1110101100 0000 1111001011 80.
810 0110110101 111011 011100 0001. 801100001101010 00111οο0 1011000111100111010,
01000 0000010, inimicitiasque 10101 0110 00001 110ωο 011001 11101010 1 Eu. 1110100
01010010. 80. 1010101101 1101010 01 1100, 0 0011010, 1111100010 de 0011100110ιο gignit.
810 001010 consideremus = 00100οῑ01 01 000 01 10 110 0101010 dinamus, 0110 0101
01011 discutientes, 0110000110 1010000111 001 101011ωο 1000101, 01 immin 001101-
uret? 00 001100 011 0000010011101100001 confugientes, 1000 ab 1100 11100011ιὶ000
0000001001 zu. 1101000. 80. Fani 110 majori 00 0110011 1110001110Μο 00000
011 1100011001 10οο1100100, 0101101 0001οο101011ιο solveremus 1 Eu. 11000 1100 0001.
80. 1001011 0001100011οι11 111110011001000 10010001. aditionem 01100 0100101, 01
1001011110011001001 Eu. Quidni? 80. 000 0001 10110100,11000111010110011110·
0001111101,ωο,101110010 100110 0001010110101101110110111101, 01110101101111 10101100
10 01010010 1100 101100. 101010 010 110001010 0000111010 11111110 1010 0101, justum. 01
injustum: 0010110110,0110100;110001001100111101001. 1100100111 1100 00111, 110
0011100 01101 dissentimus, 000 0000011100 011 00801000 1101001 judicium 00110010,
1100100 efficimur, 01101100 10 110111101 101011σί1101 incidimus, 01000, 01 10, 00 11001000
1100111100 00110101.1 Eu. 11000110001110000010 est, 0 80010101, 01 00001100 1010
10100101. 80. 1111111. 0 8011001000, 01110 011000 1100011001, 110 111 00110 dimen-
11001. 110110001οο 011 0100100. 80111 diis 110000, 0 00001000 8011001000,
01110110 jusu 001001000001111111 0101100001 10001, 010010110, 01 101010, bonaque 01
10010. 00000010 10110 10110001 0000101001, 0111 110 hi· dissenserint. 00 0001 80.
11011110000110. 80. 11011110 0010 00101110 0100011 001001, 1000000 01 jusu. 1100
0100011 0010 0001101111. 0101100 011010011 Eu. 0100100. 8011011010 1010. 01010,
0111 jum, 1010010 0111 0001001. 110 011110111ωοοη0. 00010011001 10110001, [8]
01000 0000001. 00011101 Eu· 111. 80. Eadem 1011111, 0111110110, 0 1111001000·
1111, 01110000 1101100101, 01000 0011001 1100 1001 11110 0111100, 1001 011001 11110100. ssu.
11110101. 80. Hac 10110110, 0 8011001100, 0011010 10001100101111001 01000 010-
10110. Eu. Apparet. 80. 1100 ergo 000100011101001, 011101011011110,100000·
111011. 000 00110 111 1010110111, 011011 01 1000111111 01οη1000111 001111 0000 contingit:
00011 00101100 01010001 001, 1100 Ι0000110 1010110010 0100 01110101. 000100111οι0, 0
Ε11111]011011,00011110000011, 0010010111 01101001, 011111 11111010 01001, 01 1100 ,1011
00100111 001111ομ1010 80101011 0111001, 0100110 inimicum: 01 11010000 00111010 010-
«11110. 100001 0101001001, 01 0100111001010 01101 111 10110 1111 0110 1110011101. 0100011100
011110 1101111101 00001101. Ἐυ. 111 0011101, 0 80010100, 10 1100 11001001 0111111111 011 0110
1100110.010011001000010001011,000100100000. 00110.
10111ῑῦ0111 1111110110 8011001100101100 011000010101110010100011101, 00011 110·
1111110111 10100100001110111010, 001 01100111 011011 00001010 injuste, 001100 11010 000 de·
0011 1 1111. Nunquam 110 110 111ιο001010, 0010 01111, 1001 011001 10 judicia. 0000001.
0111 00110 0000011101, 0011010 1110010 01 00010 01001100101, 00111110 01000111 10111001.
80. An 11111010 001000011001011 00 011001 011101 000101 pendete 000 11000101 Bw.
Ῑ1100110010110. 80. Non 0100 000010 1110010 00 1000100000110011111 1100 00101, 01
’111111οἰ diffie, 101 1101110010 0000000010 0011001, quotide 10100110 1000110100 00·
1110011010 01101010 0111 0011 01001 001100 000 1010010 1001100. 00 0001 8101010
Ι 10000111. 80. 110011010111011000101110001, 0110011ηῇ000ιο 000110 000110011 ve·
1001 de 100 001100 111101 10 disceptum, quis 10111010 1000111, 01 quid 00011110, 01
1111110. Eu. Vera 1101101. 80. Nonne 001001110011110 0001111101, 01110 juni·
’111α 1111111111 11101110 1110 10110101, dissentiunt? 010110 1101111010 10111110 10000

 

