00 01110110· [000

001111001001000010011100100οἡ1001100.0010000001001001000100
10000,φο1001101011 01 000001Ἁοι10οὼ. 80. 110010. 11000. Qum·
quemmwffiommdkuoeiphnwfflbpffloudnfflu·
10001οι mammutium 00001κο0100, 00 011000 1110 dedu suffla, η.
1000010001οη [28⁸] 0011000110οὴ 80110010. 11000. mimum.
1οὼ, 00000 0000οἠ10001οω 001010 putet. Nu 010 0000110010 10011010 10
10011010,οπ0010 0000000010000011000101001000010010101001100110000000·
1001000000 efficit, 101010 0011000 100000 inplicitum 01 0001001011 0001000 100001,
001010 000011010ιώ1 1001011010 0000000000. so. 110010 011111οὼ10. 11000. A!
0000000101101000000110000,100100101 001000 000000000110000001010000100011-
001001 00100000001100001000100000011001001 8011111 01111οὺ1000, 0
how, 100100 1101001 0110100. 11000. 1111011 0010001. 001 10001100 0101011100, 0
10010,0110000001011010000100101010 0001000110 11101100. 11000 qffl 001011
Adi 0001000000, 001 10 hujumodi 00101100 snper 00110 1011000110000100
80. Die 010010. 11000. heum 10 0111010 10100100000 001100110ρῆ01000, 01
00000100 101100001 01010010 10010000, 01100000000000 10 01000110,οωωοφο
mem ω’00000000001,1000 10 1011100 0011001001 11000101001100001000-
1101000000010001, 0011000100100011001. 80. 0000101 0000. 11000. natisna-
0001010101001000110001. 80. ne 0011001 11000. Du 0101011010, inqu-,et
100011101ᾳο 00001 0000000 01000 01010010. 0000 1100110011 10011100 01 het 01010
petinet. So. Ρο010010. 11000. Em 110000 bifaria· distinguam. conducit
001001 11, 0001 1010011000. 80. Dim, 00001010 distinguendum. 11000. 810.
100000 0000011001 nutum 0000110110100000110110000 000110οή00011 011000 00-
00001010 0000000100 generationis 0000011001. 80. Qui 10100011 11000. An 000
0011001010 00101001 1111 0110100, 0001 ujus 001, 00110 0110 00010 0010001 nujus 0000
diadum? quodve 101000, 0010 majori 1010001 10. 11111 0000. 1100000111
10001 Quod excedit mediocrium 01 0001 0000111υο, 000 1100010 0100 00110,
0001000000 11000000 00001100 1001 10101000 0 mii· 1111010011 8010010001.
11000. 11000000 00000100 genius 1011010000 mgni 01 00001 pom 100010 000,
01 00010 0000 1100100100, 10010000 001010 1010 0010101 101001 0 100000, 010000 1101000
001, 001100 patim 10010010,μο1101 01 00110001101001 0000000010 01100100. nuj-
001010 00110000 0000011 1010111000000100001 80. 00110001ιο001 11000. ἃ
φὶ 01010010 00100000 01 011000 1001100101 0010001, 01 [181] 00110010 000 1010001000.
οι’1 fn? So. Id 100010. 11000. An 000 00100 10000 000010000 00000 mh 100
108000 000001010ωο01 000100, quam 0000010000, 01011000 01 1001001000 finum 0
100110111101001001 lu 010011οω 010000 0001 0001100τὶ 100100 001 001 11000, 000
00001 000 011, 0001 0101110110 quiddam 10 0011001100 0110011, 01000110 mediocrium
0000010100, 1000001010 00101000001101001. 80.·11000010110. 1100011000001
11011001 pem 00010101000, 000000 001100110110 0111103100 00100110 pemmo?
80111110. 11000. Utrum quemdmodum 11 110001011000 de 80011010 000 us
0000 0011010000, 0001010000 10 100 ’000 effugit 0001100 110 0000 0100 100000 01 001000 '
00000010100100000001000010111100000,00010010000 001010οο1 01 1001100110 000·
000 genanuorum? 110000 00110 0101110 1100101100 00100100 00000 01100100 hum
1000110110 0100 hujus contusione 001001 0000 0011100. 80. 1100000110 000κή
11000 0001000000 001 gendum? 11000. 0100100 opum 1001010001,οη
111010 0101, 00001 000110οι0 11101 000000 001111000000101000. 000000 1010 00111000
11101110 101001 001 supponendum. 80. Quale? 11000. Quod 0000100110 opus
“1⁸ 111001101 0000 0011101000, 01 100011010001001011000 001000100000. 00001
011010 000 0101000011 pertinet, egregie sufficienterque 1000111011 001, cufim

 

