111 11100100 [aa

80.(100100011001111 Pu. 0010. 8000010οι 00010 1010101000000000
010110011111110110001 huju· 01001000 000000 0000101100000001111110 00011, 000·
1101 Pu. 11010108000010000000001001. 80.(10010,01101100,0100110’100010
000010. 000 0100010 001100 1010000001 01 0000 1010 00000 00 00101, 000110 00 011, 0
000 0011100 0010 00000 00000100. An 000 1101 01001001 0100. 01101 0010001.
80. 11οο1110110ῐέ 01011. 1110100. 80. 110101 001000 0 000101 111011. 110. 80.
800100 01100000 0000 000 00011000,010000101,00011010000100. ’111 00100 010,
001000, 0 00010 110000001001 [81] 00111010 0000110100101 1010 00010010 01000000
0001100 10110001110000101 000 0011010 1101110110. queamdmodum 101001 0001010
0000 101100. 0010 000010. 000 1000111000 1101 000000 00010 1001 01000100. 110.
0110101000. 80. 110000 huju· 00010 000 111, 11 011000 00000100 0010 0001000001
110. Promo. 80.,1011001000010100010 00000 0001100, 01001000 0001000 0010
01000101 efficium? Pu. 010. 80. 1100001οι100 110100 1011110 00 1100 0000100
010100011110000,00000000 0010 00000 00000, 0000101001 11101100 10000.
80. Nonne 10 1000 0001 000 0001000. 00001100 quodlibet 10110000000001000010
0011 11000010. 80. 0000100110οω 011 00 000 00010010010101 1100110011
80. Num duplum 00110,0000011010010111001 Pu. 1100 00010000. 80. Ae
0001001001 Pu. 0000000100. 80. Α 00010 ergo, 0 0000, 000 0001001. 000
01100000Ιο0 00011010 0000000100. 11011000 10000110. 80. Quam 0010 0000000
0000100000 00001001. 000001 Pu. 810 001. 80. 0010 000101 001000 00011010
0000 110001 001100 00 000 0000001001 Pu. 801000. 80. 01100101ον010 10100
00 000 01010101 Pu. 111. 80. Ago igitur, 0010 000001 000110 001110 0001010 001,
1111000000 0110101001 Pu. 101010. 80. An 0011 00110000 0 100301111αο0οη
00010010,0100100010110101110100101 Pu. 01101 0010001 11001110. 80. 810 011-
000 0001010000011. 0000 001111 11010100100,10 1000000οε 00 10101 01000, 00000
0000010 0011010,1110 00010001 Ρο. 110. 80. 0001011100οο 0010 0000000001
000000 10010000 1000 111100 000111 1110000110, 0010000101 00000000100011011011000.
1101001111. 80. 80011000. 01 00010 000110 011 01000. 110. Το10000110. 80.
110000 11 1010000110 001, 0110101001 huju· 0000100000, 00110110 1000011101 0110000-
00000100001,1000100 11000101 0100 00000 010110, 000 001000 1011, 1010 0111οι
001101 110000000οο0 010 0001100. Ρυ. 110. 80. 110011001οε0 1011110 00101
1110 101010, 101010 011000 00001101 10011100 udum 0000010111 Pu. Appnm. 80.
’100 0000 1001 0001 0000000011 Pu. Novem. 80. 11001001 0010010001 000001
00010000000111111 110. 0010. 80. 11000000 0 01000011 00011000 0010 00001
00001100. Pu. Non protento. 8ο. Α 00011 101100 000010 00011110010000001100001
[84] 0000 0101 0011100000 00110. 0011001 0 00011 0001000100. Pu. 80010000, 0 80-
000100, 11000 11001. 80. 00001110 1110100, 0 Menon, 0000100101000 0001000000οη
00101011 1110101000 00001010 0100010001 0000000001 11000001, 0010 011 0010
000010 000111 11000. quemadmodum 000 10 0100011110 11000111 00100 1000 00 00000
111· 001000010001 00000100 01011010, 00011 001011000000000001, 1100 0000001101
00100000 00100011 01100 00100 egere 000010 existimat, 01, 01 1000001, 01000 1000·
0101010100. 1101011010 01010. 80.11000000110000000010,0000100000101-
1001000011 01001. 1100000000 00011001. 80. 00100000 0100100001οωιο 00ιο0-·
101101 01010010111100 0000οι010010οω 100001000010 0110010 0010111 Mn«. 1100, 01
01111 0100100. 80. 00000 01011010 111000 10010110 00 0001101010· 1000100000·

Nune 00110, 010010 1000000110 0110 00000100, 1100010001 000010 001001001101 ’
1000 0100 000100000010 0100000, 0100001100 00000 01011000 10001 00 00010 000111000-
100, 001000011οι0 0001001 000100 10001100100 110000 habere oportue 010010-
00100. 010011100100. 80. Nun 1000000,100010010001100 01000010 10 101 10·

 

