m 1011101111 [00

10010101100000000 0010011101. m 010 [H] nmmum*
ι“0 001100 0001001110 effugiunt: 0000000101 11011 100111 prestitum, 00000 qubilh
1000011111000000ώο1101011001 11001011, 010100 110100, 10011011οω110 00101
10010101110000001001111001000010101100101001,0100000100010100110
1-110010000010010111011010010110000 10100110100100010100001011011101001,
1001000110001000000111110010001. 0110. mmo 800101οω0010ου
011000. 80. 0000000100οω 1000110111 1110001011 010000001οι 111 100001.
00001010000100001011101011 001010 01000 1010110001υο 0001 0005100011·
00011100 01 11 0110011010 01100 010 001101010101,0001011000000ἅο0010,οι1
1110111000 10110101010100101010. 11011. 1110000 80010100, 10000111. 80 Qun
1010100000 100 0110001 10010, 00001010 001010 0001 quodlibet 010000ιῦ110
001010010101111101110001100011011 mn«. 800010010101010. 8011011101.
1011011001010001011010111000101101, 0001010οι 101011000101111101110100011
1000001010000001000000101010011001001101. 01111. 110001. 80. Qui-effi·
100111 1100001 011100 0110 0001001001. 111111. 0001001001. 80 81 101110 00-
des 000 001 100010 mmm 10Ιο10 0001010110 011101 0111100001 010001, 11 1111100
immuunt-r. 100 etin 0100110 0010100001 10011101 11010111 0010 00011001 10100
1100101001 1001000000 10100111 000οο1010 0010101000οο 011010 annuum·
00011 111110 1100101 11101010 0110000 011010 1001101 111111. 11101 0000100001. 80.
1100110, 0001011010 001010 000 101001, 0000000111 01110 1111 001011 0111011 Mu.
1100 1000. 80. Quonim 10100000000110 1101011, 011010 00011101 00001οω001000.
11011. 110. 80. Et 00011100 000101ηο011 1111 011, 11111 010000111 1111011 11011.
1111. 80111 110001001οὓ11 0010001000111,0100001110000001100 0011 Mn.
11101101. 80. Λα 001000010101 000111,οω011 001101 11000, 01010101 11111.
810 011. 80. 8101000010101 0,·101 0110 0010010111 10010 0001111001. 01111. 11000-
vimus. 80. contemnamque, 00000 000011 111001 00000 0100001100 ene?
81011. (10001ιο1001. 80. 1110110100 000011 101010 0110 000001ιί001. nn. (100-
0010101οι. 80. 800011 001010 01 01110 0110 10010 000000. Mn. 1101100. 8⁰·
110110 0001000 000010 000 1100 1011,[911]101010 opinionem 01000 1010011101
001001 00010 01001101 10010 00011. Qun 00110 1011000 contingunt, 10100110 110101οὶ
0001000011 00011 001001 mm 110100 00 10011110 dux 011, dno 1100, 0010101010
01000 1010000. Mn. 100111 mihi videtur. 80. 1011010010 1111111 00011100 0011101
0000001, 0000000110 10100110 001. 8101011οο 0001101. 80. Cum 0001100 1101
110110 01000 011110, 01101001 11101010 010101101, 00000 0111 10 00110110 civili 00100110
000001. 1110. 1101001101ὴὶ 1100101. 80. Non ergo 1001100111οω00οΜωῆ
00011100. 1001 0111101 00101001 1001 0001100ιο 0011110111ηο1, eujusmodi 001 ’111110-
100111 1010000000, 010001 0001001110 Anytus 1010111, 0111101001. 11000 000 001000
11100. qm 1001 tunt, 1000010 0011001, 010010 001 10100111 00110 110110101. Mn.
81001010011011001000 80011101. 80.81110010100110,101101.0100101000 101110
0100101 0111101 1111 01111010 0001111001, 00110 10001 00 0100000010 10 1101100100, 00
10100 divinoque 101010 00110011. Etenim 111010 00110 01011011 0000001, 0101
1110011 001001, qun loquuntur, intelligunt. 01111. 8100110 11001111. 80. nm
101101, 01101100, 0111001 hujusmodi 11101 00001010 00001001 100010 0001100001
1111111111 11111111 tmen 00 010000 01 000000 01 0100000 0110000011 Mu· 11101101.
⁸⁰· 0100001010 0101110 01111101 1000010101, 0001 100110 prndium 10101 1010100-
000 00 00111001 1101011101 universos: 0111101000 00101001 000 1011101ου010 10110001
011100101011100011001, 0111110 000101 0010100 000000 0001101 0001100101, 0001100-
11111111 m 0001100111 01110001,100110 1001110ιο00 01000101, qun 0000000010 1010111·
11111 81011. Mum. 80. 100110101000000,01100011,οω01111010111001000-

 

