00 00000000 [000

01110 001. 100000 010 01000 1000110100οι. 8100110 quodcunque 001010 0101110001
0001000010οι 00110010001001010000 0010010001 000 1000000001 0111 ipsi 0010011
0010011 0011001110, 0001 000 00 00 ipso 0100111100 pau 000011 1100110000, cum

10110 1010101111 00 10010000 jumi, [111] 000 00010 01 0010010001 mutianum
10110110 00010. 80.00010000000111,0000010000100001 Lu. 110110. 80.
A· 10001100 1011101001Ιο00010ιο 0101110. 000 00010001 10000 001000 1000, 0000-
100010000, 000 00001000 01001110, 0001000 00101111 10110010. 80. Quid 00001
00000 10000, 00010000 10000 001, 0010000 01111001 0011ῶί m. 110. So.
11111001 micion, 00000100 upum 0010100100, 000110 0001100 1011001. Lu.
Quid 0001110011 80. Qui 00110 0000001100 0000111. Lu. 11011000 0000. 80.
11 000 0000111,οω 00001. Lu. 1100. 80. Qui 000 00001, 000001 0001000. Lu. 1100
0110100. 80. Quomodo 100110010000101 000001, 001 000 01000100 000100 001001-
100001, eum 001001 001010010ιο10001,000 0000000100 00 10010000 indigeat? ’10100
010100000ιο 0011000 00 invicem 00111 100000 00000011 Lu. 110110. 80. uum
00000000 00001, 00100 10οἰοι 000 000111 1001001. Lu. 11υο00000. 80. 1100011000
100010010000101000101000, 01000001100001001000011 1000010000. Lu. 000
000101 80. 100001 0000100000 01 011000, (10 0000000110 011000 01 0001010000)
0001 0100111 0100110 01000000 0000110001 100010 inimicissimi 0001. 001 01 11001011
1001100010 01010100,110000110, fini· 10011000 mo, 00010000 000000 ouini. 01
nauum-dieu 01 in 01110 0100111100 0000001100 00010101. 01001110 10100 00 10-
01110, 0001011000, 000010011οο0 ubuum: 01 00101110 1100100110. Inopem 00000
1101110010οω 000001101010010 01 imbecillum 0001111 000110 100110 01 0001100 01001-
11100 000000010οι0 1000000100 000000 peritum 1001100000 01000 diligete· 1110101
00010000 sublimium 00001000, 00001 multum 01011, 01 0100110 0100111 011 00010000, nu
000100, 0001 0000100 0001000100, 00001000 00010010 amicissimum. unumquodque
00100 0000100 000 0100110, 001 0001001000 = 001 0011000 00001000 humidum frigium:
0000 001110οη nmirum 10100; 0001000 0110000010 nouum 0001011000ος pienum
000ιὶ101000 unumque 0100111100. 000100010πο uum 0001100010 01100010 pubem
animumanimumum 00001. [110] animvm. qui 0010 domu, 0000000 00
0100000 quidum 010 0000 01000 001. 1000 euim 11011 00110 001000 00101 01101001 110.
Probe, 01001100 100010 0000001. 80. 11101000110000,00010001000010001000001-
0100100οι0 00001 110. 1111000. So. 8111100 110000εο0. 001,00000,000000110-
0000 100 01 0010000001 0001001100 10 000 01100 100000001000100100 1011, 001 00101-ι
10011 10000110 0011001, 010 00110 0000001, 00 000 0110000100 0001001000 udm-
0001011101 Quid 10110 0011010000 [0000010110οῆ 000000 0000001000 ungemur, 000
0000110001 110. cogemur. 80. 11000011 110001, 'mimicum 000100 00100001
0010010000 ini-ico 00100001 110. Neutrum. 80. Num 01 jutum injusto, 001
imperuim 1010000010, 00100010 1000001 110. Nun 00101 0110100. 80. 11001
0100000100οι 0000010101αο tunicum 001 011001 0110011, 000100 1000 0000 00000101.
Μ’· 01111111 ⁸¹²⁸· ⁸0· 111000 000 1011010110, 00000 00010010 0001000100 001
0011011101. Ml. Non videtur. 811. Age 01 hoo 0100010000οζ κ m iugi! adhue
101001, quod 00010000 000000 uiui! 00 110 000 11010000 011, 001 0001 00000 bouum,
0000000100, 00010000 0000010000 1001 efficiatur. 110. Quid 1101 80. 100000
011000 000 100000 0 0001110 00100 01 00000010 00110011010001 01 0110100, 01 00100
11111111011111101. 001010001οω 0011000000 0000. 100001 00100 000110οι11100,
ι0111. ⁸0 pingue: ideoque 000 100110 10010 1110101100, 000011, 01 00001001, 00001 10101-
cum 0011100010001000. Dico 00101 ipsum 100000001010000 0000. 000001101101
. 110. Eu 000. 80. Equidem 11010000 tibi id 0001000, 1000101 pulchri 00010000
1110011011 0000010000 001 00000 muium. 00000000 1010 00101000, nudi. 11000.

 

