000] ’ 10. 000

00000010. 000 0000000001000. 10. Optime 000010 benun, 00οο01011 000 de
000 000 0000. 80. Nou 000000 00 0000 0000000, 0000 00 00100· ignum, 110000-
rut 000000 scribit. iu. 0000001000 mut, 0000 110000000010000 000000, 000 000000
nuncio? 80. Num 0000000000 [tlt] 000100 00 0001000 explieat? 00100100 00-
rigui· 0100101100. 81 0000010000, iliius 0000010001οἰ 00010000. 10. ,10000 0010-
0000. nemini 00100. 8ο. Diu 0111000 0000000 1100000 8001001001ῑί0, camillum
00000, 0010 00000001 00000, 000010 10000011 instituto, 00000 100000 00000. 10.

11001100 00 10000 000100, 0000000000 jugulum
urge 010010 01010000, 0001000 000000 ion 00001000.
Cumque 000000 00000010. 00000οω10000 10 uuum,
Duuuu 00 0000000000 010011 0000000010 0010

Ultimus, 00 0001000100, 000 0000100 000000.

80. 80800000000100. 11000000 tu 000000 10 110 0000101000 nouem· loquutur,
000000 uoltu· 00001000, 00 curig· perciperet? 10. Antip 0000100010. 80.
Utrum 0000001001ἀοιο 000, 00 0110 quopiam? 10. Nou 0110 00000 00000 000.
80. Nonne 001000 0001 10001000 000 tribuitur 00001 00100000 opert· ,1001000011
00000 tuin 00 000 gubern-tort· 0000 cognoscimus, 00010100 000000 percipiemus.
10. iton 00000. 8ο. 110000 00100 000 00010100 perspicimus. 000010000000 001000-
00000000. 10. Nun 0000. 80. Au 000 similiter tu 00001000 0001000 000 000
0000000 0000 conprehendimus, 0110 0101000 comprehendemus? 800 000 puin·
0101000000οε0 1000000100 000000 0000 00000100 10. tuero. 80. 11000010
00000 tu. 000 000, 0001000000 00000 0100000101 000 1000001000, 0000000 0110000,

” 1110 01100000 000000 0010001οω00000 011000. 11100 01100 tutem 0000. Tu 00001 io.

Et ego. 80. 81 00100 0100000 00 00000 00100010 00000, 000 0000 01100, 00 0100 01100
0000000001 000000001000 00000 titulique 00000000000000. 00000000οο00 0
00 percipitur, quinquenne 100 0100000. 00 tu 010001 000 000 10000 0010000000.
11000 01 totamm. 00000 000000 0000 0000000100, 00 0110, 000 0000000000οι·
00000, mumdum 001000 quud 000000. 10. certe. 801110000000010 [000]
0000 0000000000 100000, 00000 00000000 00000 000001000000010101000000.
0000 000000 0000000000 0000000100000000100 0100 0110 0000 0000 000 000000, 000
0100000000, qundoquidem 000 01101000 000. 10. itu 0101 videtur. 0 80000000.
80. 81 0000000010οω000000000000100010,010000011000000100 0000000010-
0000000 00000000010000010. 10. Vm 000000. 80. a· 0000100000 00 00011001.
0100 00000100 000Ιο 00 1000000 00000000, 0000ιο tu 0001100,00 000100 0000100000
10. iungi 80. 1100100000 euim 00, 000 000100. 10. Nempe. 80. 11οι1000000
0000 10001000 00 00010000 0110 000. 10. videlicut. 8ο. Quod 01 0110 000 000, 0110-
0000 quoquotum 00100010 000. 10. Alituum 00010000. 80. Quid 0000, tum 110·
000000 11100 00000, 0000 1100000000 11000000 001100 000010 1100000001 000010 potiu-
000 0001010001 010000 1100000100 10100010, 10000000000010 000000 aprinum 0000
0000000 1000000000, tautum 000000 00000 010000, 00 00 000 0000 0000011 1000
uppouttt 11000000 00 00000 100 00 11000000 01000000, 00000 00010100 00010,οι
000Ιο000010 ι1001101000 0001 10. 1000101000. 80. 00100000 timu uicit

10 tutte 00 0000010 retu Thaumantias 100000,
Quod 00011000 1000000 plumbi nubtum gruvedu
1100101, cotun 0000000 0000 piscibu· 00000.

buu 0010 0101 001100, 00 utrum 00000 00 00000 01000000, nunno 000 0100000000 mee
10. um 000000 munem? ιο. coum 000... pinatorum 0 judu-2.

 

