000 00000010 [000

00101Ηο Tn- Emesam 800101ηο 0000100, 00 100000 0100011. 80110.
0000001010 ’11000οο01. venun 000 000000 000 οω000000010011010000000010
1001000010 00 1001001 0000010. 1100 100110 0000100 anatha 0010100000000-
0001001οω00οιἀο 00001010. Tn. Age-dun 00001111010100100. 80. Die, nge,
01001000000οΤ0000000000000101001Το0 00010000. 80. 0000000 00 00100·
00001000, 1000001000οα 01 010100110000 00001001,ιῶοἰιὲ Tu. 000110000010000.
8000οο00000,οροσ,01 00 000010001000000101010000010101110000001-
10000 01 00000 0110101010 00000010 000 0000000011000000000010001 000110,
0000 100000 0100010110 100000μο0000. 0000001ὶὶ000οΜ000. Auno·
000000000100010011000001000 0001, 0000 0010000 0100111 Tu. Ι10 ὶμι. 80.·
Supina 0000 0001000100 0001 quilibet 0001001001 Τιι. Cale. 8011000οῌ
000 10 0110000001001100100011 Το00. 0010000003 80800010011001001001. in
0011000 0010010010 110000 01 0000100100 00011 Tu. Quid 0001010011 80. 1οω
igitur 0001000110 0100100110 0011 Τιι. 10000. 80. 1100 11100 001,ου00 001110
00000 0000100000 0000000 1000 00100, 0010 00100110 011. 00000000, 0010 00 [140]
100001οω100ἰο 0000 0000011101 0010 00010000 00100 0001000011 00000100οι00
0000000001, 001000 000001, 010100010 1000010000001100001. 001 00000 00010011. 00-
00100001ωο 00010 01 1000011 00100010 000000000100100011. 0010 01101101 Neque
001000 001101, ο 10000000, 00 00000000 01001000 00011οἰ1010 0110011001 0010000 0 cupio
00100 000 10 0100010110οω 10000000, 0001000000 01 0011000100οι 10010000 000ίί
Tuto. 0110100 000, 0 00000100, 0000110000 00001. 0010 00 1010 pueri· 01100000 000000-
00001101 1000ου. 0000 000 0100010001 00οο 1000010· 001101 0015 01000000000 0000
0100 00001001. 000 001000 000010 1010 000001, 01 10000 000010 proficient. 00 000010·
000100 10 00001000 0001011. 00000, 0100001011, 000 01011100 1000101000·ηο 000010-
10000ςο- 80. Audin-0 Το001010,000 01011 Theodotus? cuitu, 0100100011000·
100 0000100. 000000010100001,01 0010000001 10 00000 000100001001000010 001000
1000001. lagenae ergo 00000000, 0010 0000 0010011000 00100010. Tu. Pmden
001, 0 80000100, quandoquidem 000 1000000110. 01 000 001000 10 00 0000000000, 000-
0100110. 80. Faciamus procul 00010, 01 000 00000 0010010000. Tu. 1110001000
mihi 00100110 0000. 000 0010 0 Theodoro discere 001001, 3000001010 01 0011000, 000
100 000001001ου0 0000000011 0 00010000 0000000000 0110000000 opificum-metonae
01000010 nihil 01100 quam 00100110 00001. 80. 60000000 00 magnifiee, 0 000100.
00000 0000100, 000110 00010000 pro simplici 0001011. Tun. 000 0011000 10 0100
Socrates? 8010010 01011 0100. 0000 1000000 0010, 00001000. 00011000 001000
0000001000 01010, 0101101100 010 000000 conficiendorum 0010000000 0010011001 Tu.
Nihil 01100. 80. 0010 porro, 0000 1001001000, 10 001 10001100 0010001 000 01100
00000 ligneorum 'operum 0010011001 Tu. 11111 00010. 80. 10 01010000 101100 10
00010000, 00100 0100000 00100110 0011 Tun. Profecto. 80. 0000110 0000 000100
000 0000 0001, quorum 00001 00100110, 01 0001 0101. 000 00100 0000000001 gnati·
querebamus, 000 00000001, 00101000 00100110 011. 00 001011 01001 Tu. 10000
00010. [101] 80. 0000010 01000. 81 0010 000 00011000 0000000100ιο 0010001000-
000 percontetur, veluti 00 1010, 0010 011, 01000 00000ηο0000οι, 101000 000000 001
01100, lutum 0000000001 furnulo· 1010000000, 101000 0000000 001 1010000 fingunt. 00000
01010011 videamur? 1000110010. 80. Primo 0010000 10100 100100το0000, existi·
00000100 eum, 001 1010000001οω1110000 000, quotiens 00010οο000000 101000 000000
001010010000 puerorum fingunt. 001 01100000 hujusmodi: 001000 putu. 01100000
cogniturum 00100 potissimum 000000 01100010 011, 01010010011111000000000111
’1000110110 00010. So. ‘Ergo 000000 0010011000 0010000000 000001, ,001 scientim
0010100 00011. ’10001100 00010. So. 0000001000 000000100000011, 00100010

 

